2.1 6.9
7.8 12.15
13.15 18.75
21.75 23.55
24.15 26.05
27 30.5
30.85 32.2
33.35 36.4
39.2 40.6
41.05 46.6
47.5 51.9
52.1 55.3
58.25 60.7
61.2 64.6
64.65 68.75
69.7 73.35
73.65 75.9
76.2 79.5
81.75 83.95
84.3 85.95
86.6 88.4
89.25 93.65
96.4 98.15
98.75 103.1
104 106.8
107.4 109.75
110 111.8
111.95 116.05
118.7 123.8
124.75 127.15
127.75 131.45
132.3 134.75
135.45 139.35
142.05 145.65
146.4 148.9
149.5 151.9
153.2 156.25
157.15 161.15
161.8 164.4
167.6 170.3
170.85 173.05
173.7 175.45
177 179.5
180.05 185.1
188.25 190.5
191.2 194.75
195.25 197.4
198.1 201.15

