0.95 2.95
3.65 6.8
7.35 8.9
9.15 11.45
11.75 13.55
14.3 17.1
19.3 21.95
22.5 27.05
28.75 30.25
30.85 34.8
35.15 38.45
38.65 40.75
42.8 44.9
45.1 50.8
52.8 55.35
55.85 58.4
59.1 63
63.4 66.55
67.6 72.9
73.1 76.8
79.2 83.1
83.3 86.45
86.9 87.9
88.15 91.2
93.3 97.2
97.7 100.6
101.55 103.3
103.6 108.35
108.6 112.95
114 117.7
117.9 120.65
121.25 124.85
125.85 127.7
127.95 132.25
132.9 137.9
138.35 141.55
142.9 145
145.25 149.35
149.8 154.35
157.05 160.75
161.3 162.9
163.5 165.05
165.6 170.3
170.95 174.3
175.3 179.45
180.75 183.45
184 189.95
190.55 192.05
193.65 200.45
202.2 206.4
206.8 211.4
211.85 215.9
216.6 218.85
219.5 220.8
221.3 224.45
