2.2 5.9
7.2 9.2
10.5 13.2
13.9 16.85
17.35 19.75
20.65 24.4
24.85 27.4
29.55 34.8
35.9 39.5
40.95 45.7
46.2 50.05
50.8 54.3
54.5 57
58.75 60.55
62.65 65.85
66.7 69.55
70.3 74.55
75.4 77.2
79.6 81.2
81.7 86.2
86.55 90.95
91.4 94.9
95.65 96.55
98.75 99.65
100.5 104.35
105.35 110.1
111.05 113.35
114.2 117.9
118.25 122.85
125.25 128.1
129.05 133.9
134.8 137.45
137.95 139
140 141.9
142.55 145.5
147.9 151.7
153.9 159.2
160.1 164
165.1 168.65
169.65 171.9
173.85 177.2
178.75 181.35
182.1 185.55
187 188.25
188.9 191.8
193.2 196.25
196.9 199.35
200.65 202.1
203.2 206.85
207.55 208.55
210.6 212.7
213.25 218.4
218.9 223.4
223.6 226.1
226.75 230.45
