2.5 6.3
7.4 10.65
11.35 12.95
13.8 15.1
16 22
23.05 25.2
27.65 33.45
34.55 40
40.9 43.1
44.1 49.5
51.95 55.45
56.45 59.3
60.25 64
66.35 68.7
69.2 72.6
73.35 74.8
75.55 79.15
79.5 80.4
80.95 86
86.95 90.85
91.9 94.2
95.4 100.55
102.9 106.7
107.2 110.85
111.35 114.25
114.45 117.3
118.05 120.7
121.15 122.75
122.95 124.2
124.65 126.15
127.15 128.65
130.15 131.75
133.95 138.4
139.45 141.8
143.4 145.45
146.3 148.4
150.9 153.5
154.1 157.8
160.05 163.15
163.85 165.8
166.15 169.5
171.6 173.8
174.5 178.85
179.1 180.15
180.9 184.75
185.1 187.15
189.25 191.85
192.5 195.9
196.55 199.75
