1.0 5.5
6.6 9.35
10.15 12.9
14.6 17.2
17.8 21.1
23.5 27.5
28.55 30.65
31.05 34.45
35.7 37.1
37.6 39.1
39.7 42.35
44.75 47.4
47.95 51.65
52.7 57.15
59.35 62.35
62.8 64.85
66.95 69.25
69.8 71.25
71.55 73.6
73.85 77.1
77.6 80.65
81.05 83.6
84.95 87.65
88.3 90.0
90.4 93.35
95.55 99.1
99.65 103.35
104.45 108.45
109.3 111.65
111.9 114.8
117.55 121.65
122.3 125.0
126.25 128.1
128.65 131.4
131.9 134.6
134.95 139.25
142.05 144.8
145.15 147.35
148.25 152.7
153.3 156.7
157.35 160.95
161.1 163.95
166.15 169.85
170.55 172.95
173.9 178.7
180.25 182.3
182.8 186.55
187.85 192.15
192.95 197.05
199.4 202.35
202.5 206.65
207.75 212.55
212.95 215.85
219.6 220.8
221.45 224.7
225.15 229.0
229.35 232.8
233.35 235.9
236.25 239.8
240.5 244.35
245.55 247.35
248.05 249.8
250.05 251.8
252.05 253.8
254.0 255.35
257.55 260.4
261.25 263.8
264.8 270.3
270.95 272.95
273.15 275.8
277.05 280.65
281.3 284.95
285.55 289.25

